fda5ded34c0ac37ae85c453820131cb7b248a446da20cc75d4095cd18f25d473 8 8 375 46
592b10e2dc29a56b56890c6536c84c2a8610838b99f664ae81439b45b3747a7f 8 8 1584 48
fecf51c6aa7600b8d5cf9751b4f20ad2c398223880ad001061bcbe4c02fcb368 0 0 0 0
6f3034fd6276e3f60d2dec8b8f41547520b74cd362c8f8a6312a42e491f386c1 2 0 0 0
7fdc611d53d9da7af2fd336e04081956ba76bb319b6cdda3d95fdd3b28bcbe41 2 2 329 0
22210d3569b5640643e763406e2b11db8c0b1613bdf57129a26f2de9c86ad8a3 1 1 5194 0
f79b5e9a91b54dddfb7d65409adba353b319c95e0d106aced2e65546ebdf8560 2 2 23324 70
2896bcc6df44c836e852fd8a85fe3df80f80a243f3f5a8cb36a5382c225b3d73 5 5 5569 8
db4b973cf4fcc880b4b16c99b57e78f996b652613dfd2892b1e5ec197124b640 6 6 5640 121
92eeed893b0e3dca296c22e67a726619d5b0904a4a68e3fabab0e9adf5682d32 1 1 2 0
98547f5a06248feca51082374bdf6b9787b41395da21806ef953a98fc9b12278 57 57 1411 60
89133a6ab6f82ab20063a612ff28655e4dbc75101a5eb4a6f69aede4c071332b 2 2 804 0
6d9daba9e1579d59b32364e32ca913177b0f1538d79a3b9d5e05016ffa4e7596 3 3 459 0
a3def4dfc91f17b9ae3dbe3810cda37fa14ad48a74892520a9a4da96f4856598 2 2 14625 0
f0e5f4c17a49f909d560a17c7c4c6e7dd6141bc56ce265288f74af03a2d7a877 7 7 10063 4
a3410aab8e369ddc5db0d52d509579cd537b1d9c0a32f14dc2d84d1faa10feac 2 2 1356 0
32347c33d11825eae61b793bf684cb1cecf1973c10aa039dc1cd53d40abd9530 1 1 2020 0
5289ed7377bcdce277de7ec898664adf6fdba937572ca96e5c1a83ea031a2ccc 2 2 3 0
8778586427dc0ac793b6c06a6cc0345435f15ce5b955006d0c1c425c20be8e9c 4 4 5 1
2b18b5a29c916c2ca1f08935dea97a3e202bb9c82ad8591540799f132129a41c 513 0 0 0
e0084d8c8a6dd6a5c31658abfa9c1146e2c0bbe424f1c27255706cae4c53067c 16 12 343 18
19cd00631c000c2c6c5db46148a6a81777f7ee42f715a85d390c63db96aa1bd4 2 2 124 0
86bbcd4c4babdfcce2352c5be7f07e7f0093972924ef1b727c4cbd90d8e88487 2 2 6872 201
188f49cf7b6747b0591b4f15733d437e6efb565ae836ce0736d41b84d5ffa595 4 4 9965 29
f289c0fc95e44c0108c59496676bc3deaea6803396aa206a7719e669bcafb47a 14 14 6193690 6158705
2a11185a73941e144714d24b29e36a2f330d9219698d11639315cfd2fb572336 2 2 10529 0
b5d61b540a634165999f8d017adc8cef73a935117bb466aa0eaa61cb606be549 2 2 21408 0
9b54b1e457ab6f98f1edd2630597683135f69bc18b8c52f669e2313d10c0f6fe 13 13 57 16
4e353f11312a761741d5394072f27e0960470f211815eb95bb176b9dd09b3f39 2 2 19493 398
9ec9fd82ac8de7682efc1737cd926f441af4d80dc3a306b8b040379cf72e6d29 2 2 695 0
939eede4f4c8e442938a40d4b4f87ebe70a447ac412e8939c31a353564850241 2 2 672 0
d5a0f918054d0aa6b5eca327488b7629d25a1fccff1e44a3e6402d8124524e79 2 2 736 0
6fb1e323612a3127f52b8ac4b01e281c3d0f9c515a43f0bda101efd8ff1ce9f4 2 2 707 0
737afd006814bd180c2fa1fe59975e2ef5280b5946d4edafb57c30335e2cc238 16 16 18860 165
79135240c57a557c67202f0f3f5935f602ddcf584ba94af3d6f5bb6145d4acc1 4 4 13581 414
1b8ab076383db71a57c16905b4135c4a946984273325f5c8fd1abe75d73a37cd 5 0 0 0
ea6965048fd840cc81ff762a08d3ea814a021fd3e729debf83192c3cf0905c53 46 0 0 0
6295ca91f13378b22bd3f4ddb408e40ca7a6acc1e42fc9ac3076c6d22064795f 9 0 0 0
cc57c060bb073fb07e04aa8b5f8e4b07b9cc4308f8d66e529645550dbba4a8cf 27 27 127666 5676
3b7fa0da3f5b14799f8583f3163a17c0be0d209b61a5e453c33e22798e6820a7 2 2 14441 0
c9ec85dac59753062d62e0b3adee552aef607ed1f9e469774c995542470daccf 1 1 6196 0
6bb17d575521de67b3075fa50d4dbabc5896b86d8eca47b830951155814286fa 381 18 14710 13714
fa41f6ec4b35d8174638c8acba130edb4797f0bec8024738e8d61730e7ee7a7c 0 0 0 0
bfac8e20777cf8c5a856f337bf7a36f06fe4cd6bbe3e6fc010ed9fc128fcfc8c 57 0 0 0
f641c6b866f70b1242b344532d54be102374d402ca91350f8592e1fa6d58a212 4 2 451 60
faa4cf430989ff2230bf40f888a66d01c4d8d31ea78a3477ad36bb8800c8ea39 2 0 0 0
2bf5f45db687c0e53250ce7ff2dd1ff421b466d920118d2504aded91e5ed0b6d 21 0 0 0
53122c399c97ac123e8b6b00f3880a2ee850268962d429b7735094813c5364cd 0 0 0 0
60cfaa96b056d0afd7d96eff5fcfa652e40f17be256ac1cbb22c3512f8502e11 36 0 0 0
9b7786a08b4496f9bd5dcc68777e0a3f1eb43074b91b90cc5d1dcf933102ce77 7 7 2923 28
25cdfe56efb82ec149638544aac37ad25777fa4e03390d8571ccf2c5fbb8e803 44 44 28171 3536
84864c994e444b6edfc4916a6dce422bcd3fdb83835fac57121fbe0bf5400f69 26 1 16454 1396
7e490cd21b47c9b72e42e7e8325abe8dc5d3376c6830f6438bc9a2b29fc97537 1 0 0 0
1a6c9ef44a7fa881a1708a69f59c9fb1bdc47e0e7b1c27f5b192255817ea2df3 6 1 6 0
58c06f9ebb78131ad28921836df75710d6d48ad8b0393ab33e70eba00ebcfb3c 186 121 286837 72210
afecff0e009b62fa8f9d0c1a242deabaca582f7f1c24a831ceefe2763f82bcbe 13 11 74088 9074
d1db827d404bffd8cb0307ec66e2713b02882b2c248a9d708b93f6df1cbb66ba 27 22 26040 1487
e08043e8b0ec4b059dcfe242d8703c22966ee336685c1533b701922c9e518b57 10 10 35935 438
7a2bdfe12e098f629a4e9ec66470a0ec448a915b59805af60ad69fe0806590eb 51 51 77860 15187
ca0d84c48b760c4d4f964b823ced9cbfd558df010d585ac3aa695c0dcf338f33 375 2 150 34
6b4d1bd70e2b7af6e3dd82c2524fa1576b737dcbab869d71e4745a8daa25b698 1138 0 0 0
5a24f58f3071edc4858d1c87f2decbc95c528ca48ae83d26e41ba03da9a8d5d2 36 27 1783 772
